0.444115 -1.86
0.447843 -1.84
0.451403 -1.82
0.44469 -1.76
0.452876 -1.76
0.461081 -1.76
0.469305 -1.76
0.477548 -1.76
0.48581 -1.76
0.494092 -1.76
0.502395 -1.76
0.510718 -1.76
0.519062 -1.76
0.527428 -1.76
0.535816 -1.76
0.544226 -1.76
0.552659 -1.76
0.561116 -1.76
0.569595 -1.76
0.578099 -1.76
0.586627 -1.76
0.59518 -1.76
0.603758 -1.76
0.612362 -1.76
0.620993 -1.76
0.62965 -1.76
0.638333 -1.76
0.647045 -1.76
0.655785 -1.76
0.664553 -1.76
0.67335 -1.76
0.682176 -1.76
0.691033 -1.76
0.699919 -1.76
0.708837 -1.76
0.717786 -1.76
0.726767 -1.76
0.735781 -1.76
0.744828 -1.76
0.753908 -1.76
0.763022 -1.76
0.771381 -1.7582
0.777225 -1.7507
0.783092 -1.74334
0.799829 -1.76
0.809122 -1.76
0.818451 -1.76
0.827819 -1.76
0.837226 -1.76
0.846672 -1.76
0.856157 -1.76
0.865683 -1.76
0.87525 -1.76
0.884858 -1.76
0.894509 -1.76
0.904202 -1.76
0.91394 -1.76
0.923721 -1.76
0.933548 -1.76
0.94342 -1.76
0.953338 -1.76
0.963304 -1.76
0.973317 -1.76
0.983379 -1.76
0.993489 -1.76
1.00365 -1.76
1.01386 -1.76
1.02413 -1.76
1.03444 -1.76
1.04481 -1.76
1.05523 -1.76
1.06571 -1.76
1.07624 -1.76
1.08683 -1.76
1.09748 -1.76
1.10818 -1.76
1.11895 -1.76
1.12977 -1.76
1.14065 -1.76
1.1516 -1.76
1.18903 -1.8
1.20036 -1.8
1.21175 -1.8
1.2232 -1.8
1.23473 -1.8
1.24633 -1.8
1.25799 -1.8
1.26973 -1.8
1.28154 -1.8
1.29342 -1.8
1.30538 -1.8
1.31741 -1.8
1.32952 -1.8
1.34171 -1.8
1.35398 -1.8
1.36633 -1.8
1.37876 -1.8
1.39128 -1.8
1.40388 -1.8
1.41657 -1.8
1.42934 -1.8
1.4422 -1.8
1.45516 -1.8
1.4682 -1.8
1.48134 -1.8
1.49457 -1.8
1.5079 -1.8
1.52133 -1.8
1.53486 -1.8
1.54848 -1.8
1.56222 -1.8
1.57605 -1.8
1.58999 -1.8
1.60404 -1.8
1.60022 -1.78
1.59619 -1.76
1.61026 -1.76
1.62444 -1.76
1.63873 -1.76
1.63435 -1.74
1.62976 -1.72
1.64408 -1.72
1.63923 -1.7
 1.63217 -1.67795
 1.62125 -1.65223
 1.62986 -1.64655
 1.63855 -1.64093
   1.64 -1.6281
    1.64 -1.61394
     1.6 -1.56088
    1.6 -1.5473
     1.6 -1.53384
     1.6 -1.52048
     1.6 -1.50724
    1.62 -1.51278
    1.62 -1.49959
    1.64 -1.50486
    1.64 -1.49172
    1.64 -1.47868
    1.64 -1.46575
    1.64 -1.45291
    1.64 -1.44018
    1.64 -1.42754
  1.64 -1.415
    1.64 -1.40255
    1.64 -1.39019
    1.64 -1.37793
    1.64 -1.36576
    1.64 -1.35367
    1.64 -1.34167
    1.64 -1.32976
    1.64 -1.31793
    1.64 -1.30618
    1.64 -1.29452
    1.64 -1.28293
    1.64 -1.27142
 1.64 -1.26
    1.64 -1.24864
    1.64 -1.23737
    1.64 -1.22616
    1.64 -1.21503
    1.64 -1.20398
    1.64 -1.19299
    1.64 -1.18207
    1.64 -1.17122
    1.64 -1.16044
    1.64 -1.14972
    1.64 -1.13907
    1.64 -1.12849
    1.64 -1.11797
    1.64 -1.10751
    1.64 -1.09711
    1.64 -1.08677
    1.64 -1.07649
    1.64 -1.06627
    1.64 -1.05611
    1.64 -1.04601
    1.64 -1.03596
    1.64 -1.02597
    1.64 -1.01603
    1.64 -1.00614
    1.64 -0.99631
    1.64 -0.98653
     1.64 -0.976801
     1.64 -0.967123
     1.64 -0.957495
     1.64 -0.947915
     1.64 -0.938384
   1.64 -0.9289
     1.64 -0.919463
     1.64 -0.910072
     1.64 -0.900726
     1.66 -0.902297
     1.66 -0.892927
