   2.36 1.07664
   2.34 1.07989
   2.34 1.09231
   2.28 1.07645
   2.26 1.07911
   2.26 1.09125
    2.2 1.07416
    2.2 1.08608
   2.18 1.08807
   2.14 1.07981
   2.12 1.08136
   2.12 1.09305
   2.06 1.07353
 2.06 1.085
   2.04 1.08587
   2.04 1.09733
   2.04 1.10885
   2.04 1.12042
   2.04 1.13204
   2.04 1.14372
     2 1.1328
      2 1.14437
      2 1.15599
      2 1.16768
      2 1.17942
      2 1.19122
      2 1.20308
      2 1.21501
    2 1.227
      2 1.23906
      2 1.25118
      2 1.26336
      2 1.27562
      2 1.28794
      2 1.30033
      2 1.31279
      2 1.32533
      2 1.33794
      2 1.35062
      2 1.36337
     2 1.3762
      2 1.38911
     2 1.4021
   2.04 1.44347
   2.04 1.45688
   2.04 1.47038
   2.04 1.48396
   2.04 1.49763
      2 1.48175
   1.98 1.48037
  1.96 1.4788
   1.96 1.49228
   1.94 1.49048
 1.94 1.504
1.95832 1.53195
1.94688 1.53675
1.95557 1.55752
1.94438 1.56253
1.94864 1.58001
1.95791 1.60175
1.94729 1.60731
1.95678 1.62957
1.94639 1.63536
1.9525 1.6551
1.94253 1.66127
1.95265 1.68475
1.94288 1.69118
 1.9332 1.69765
1.90104 1.68417
1.91175 1.70862
1.90255 1.7154
1.89344 1.72224
1.88442 1.72913
1.87387 1.73459
1.84521 1.72308
1.83662 1.73014
1.82811 1.73726
1.79969 1.72526
1.79065 1.73167
1.78256 1.73897
1.75453 1.72665
1.74658 1.73391
1.73747 1.74
1.72236 1.74
1.70738 1.74
1.69253 1.74
1.6778 1.74
1.6632 1.74
1.64872 1.74
1.63435 1.74
1.62011 1.74
1.60598 1.74
1.59196 1.74
1.57806 1.74
1.56426 1.74
1.55057 1.74
1.53699 1.74
1.52352 1.74
1.51014 1.74
1.49687 1.74
1.4837 1.74
1.47062 1.74
1.45764 1.74
1.44475 1.74
1.43196 1.74
1.42304 1.74463
1.41608 1.75167
1.40918 1.75878
1.38643 1.74597
1.37976 1.75323
1.35754 1.74058
 1.3511 1.74801
 1.3447 1.75553
1.32317 1.74313
1.31699 1.75082
1.31086 1.7586
1.28999 1.74648
1.28407 1.75444
1.26368 1.7425
1.27234 1.77066
1.26653 1.77892
1.27486 1.80728
  1.269 1.81575
1.27701 1.84432
1.27108 1.853
 1.2716 1.87122
1.26587 1.8804
1.27352 1.90971
1.26773 1.91913
1.27506 1.94868
1.27625 1.96922
1.27056 1.97933
 1.2649 1.98958
1.27187 2.01997
1.27368 2.04257
1.26812 2.05357
1.27481 2.08472
1.26919 2.09604
 1.2716 2.12087
1.26615 2.13285
1.27249 2.16501
1.26698 2.17735
1.27302 2.20987
1.26464 2.21766
1.27061 2.25093
1.26521 2.26441
1.2709 2.2981
1.26544 2.31201
1.26917 2.34307
1.27459 2.37782
1.26921 2.39281
1.27434 2.42806
1.26813 2.44207
 1.2732 2.47824
